module tensor_product_sbp

function tensor_product_AB(A,B)
    size_A = size(A)
    size_B = size(B)
    #-- make sure both arguments are matrices
    @assert(length(size_A)==2)
    @assert(length(size_B)==2)

    AB = zeros(size_A[1]*size_B[1],size_A[2]*size_B[2])
    for i in 1:size_A[1]
        for j in 1:size_A[2]
            AB[(i-1)*size_B[1]+1:(i)*size_B[1],(j-1)*size_B[2]+1:(j)*size_B[2]] = A[i,j]*B
        end
    end

    return AB
end

function identity_matrix(n)
    I = zeros(n,n)
    for i in 1:n 
        I[i,i] = 1.0
    end
    return I
end
function d1_fd_sbp(p,n)
    P = zeros(n,n)
    Q = zeros(n,n)
    D = zeros(n,n)
    tL = zeros(n,1)
    tR = zeros(n,1)
    tL[1,1] = 1
    tR[n,1] = 1

    XI = zeros(n,1)

    for i in 1:n 
        XI[i,1] = i;
    end

    for i in 1:n
        P[i,i] = 1
    end

    if p == 1 
        P[1:2*p,1:2*p] = [0.5 0.0;0.0 1.0]
        D[1:2*p,1:3*p] = [-1.0 1.0 0.0;-0.5 0.0 0.5];
        stencil = [-0.5 0.0 0.5]
    elseif p == 2
        P[1:2*p,1:2*p] = [0.17e2 / 0.48e2 0 0 0; 0 0.59e2 / 0.48e2 0 0; 0 0 0.43e2 / 0.48e2 0; 0 0 0 0.49e2 / 0.48e2]
        D[1:2*p,1:3*p] = [-0.24e2 / 0.17e2 0.59e2 / 0.34e2 -0.4e1 / 0.17e2 -0.3e1 / 0.34e2 0 0; -0.1e1 / 0.2e1 0 0.1e1 / 0.2e1 0 0 0; 0.4e1 / 0.43e2 -0.59e2 / 0.86e2 0 0.59e2 / 0.86e2 -0.4e1 / 0.43e2 0; 0.3e1 / 0.98e2 0 -0.59e2 / 0.98e2 0 0.32e2 / 0.49e2 -0.4e1 / 0.49e2]
        stencil = [1.0/12.0 -2.0/3.0 0.0 2.0/3.0 -1.0/12.0];
    elseif p == 3
        P[1:2*p,1:2*p] = [0.13649e5 / 0.43200e5 0 0 0 0 0; 0 0.12013e5 / 0.8640e4 0 0 0 0; 0 0 0.2711e4 / 0.4320e4 0 0 0; 0 0 0 0.5359e4 / 0.4320e4 0 0; 0 0 0 0 0.7877e4 / 0.8640e4 0; 0 0 0 0 0 0.43801e5 / 0.43200e5]
        D[1:2*p,1:3*p] = [-0.21600e5 / 0.13649e5 0.5124475092222703052468879e25 / 0.2505990045200315292896040e25 -0.58752909548430618941812e23 / 0.313248755650039411612005e24 -0.159267246833799759813661e24 / 0.417665007533385882149340e24 0.18306575045382041159483e23 / 0.313248755650039411612005e24 0.120512309461734500607719e24 / 0.2505990045200315292896040e25 0 0 0; -0.426577465431008328683e21 / 0.918012325152141289800e21 0 0.28772124531747103103e20 / 0.91801232515214128980e20 0.4739194508129391986e19 / 0.22950308128803532245e20 -0.1828286306657606557e19 / 0.61200821676809419320e20 -0.2910908201471785429e19 / 0.114751540644017661225e21 0 0 0; 0.10836021679902364246e20 / 0.114751540644017661225e21 -0.127495216525222408549e21 / 0.183602465030428257960e21 0 0.66294394848412989229e20 / 0.91801232515214128980e20 -0.3185918970301186831e19 / 0.22950308128803532245e20 0.5093573171603569909e19 / 0.306004108384047096600e21 0 0 0; 0.159267246833799759813661e24 / 0.1639876016830108390679400e25 -0.28465971813079192963909e23 / 0.122990701262258129300955e24 -0.179724104434047613799819e24 / 0.491962805049032517203820e24 0 0.540747751505546378368499e24 / 0.983925610098065034407640e24 -0.38969683572055185949316e23 / 0.614953506311290646504775e24 0.72e2 / 0.5359e4 0 0; -0.18306575045382041159483e23 / 0.903897885652927117469325e24 0.21963203401877827569241e23 / 0.482078872348227795983640e24 0.17274052656973034997682e23 / 0.180779577130585423493865e24 -0.540747751505546378368499e24 / 0.723118308522341693975460e24 0 0.5591070156686698065364559e25 / 0.7231183085223416939754600e25 -0.1296e4 / 0.7877e4 0.144e3 / 0.7877e4 0; -0.120512309461734500607719e24 / 0.8041971570797788126905960e25 0.34968740224280558358577e23 / 0.1005246446349723515863245e25 -0.13808676868217278023299e23 / 0.1340328595132964687817660e25 0.77939367144110371898632e23 / 0.1005246446349723515863245e25 -0.5591070156686698065364559e25 / 0.8041971570797788126905960e25 0 0.32400e5 / 0.43801e5 -0.6480e4 / 0.43801e5 0.720e3 / 0.43801e5]       
        stencil = [-1.0/60.0 3.0/20.0 -3.0/4.0 0.0 3.0/4.0 -3.0/20.0 1.0/60.0]
    elseif p == 4 
        P[1:2*p,1:2*p] = [0.1498139e7 / 0.5080320e7 0 0 0 0 0 0 0; 0 0.1107307e7 / 0.725760e6 0 0 0 0 0 0; 0 0 0.20761e5 / 0.80640e5 0 0 0 0 0; 0 0 0 0.1304999e7 / 0.725760e6 0 0 0 0; 0 0 0 0 0.299527e6 / 0.725760e6 0 0 0; 0 0 0 0 0 0.103097e6 / 0.80640e5 0 0; 0 0 0 0 0 0 0.670091e6 / 0.725760e6 0; 0 0 0 0 0 0 0 0.5127739e7 / 0.5080320e7]
        D[1:2*p,1:3*p] =  [-0.16955436044318985087e1 0.22608643633134057199e1 -0.85367286450337040510e-1 -0.72543619566628612342e0 0.48823202683514973173e-1 0.25327067381932511095e0 -0.20810689629510203502e-1 -0.35800463638213927868e-1 0 0 0 0; -0.43697896613650212786e0 0 0.11806727914744050659e0 0.45392741904037194207e0 -0.35451986191651692503e-1 -0.12132305827513695582e0 0.18087661820535829032e-2 0.19950546233424744611e-1 0 0 0 0; 0.97781066266206924562e-1 -0.69969186172211199969e0 0 0.65637393984777096907e0 0.11267082240058042461e0 -0.33428057204703250861e0 0.21873662397046339337e0 -0.51590018715877203296e-1 0 0 0 0; 0.11897154784237866703e0 -0.38516275383761760282e0 -0.93979240050464527405e-1 0 0.14570996944041065112e0 0.28170129505772535539e0 -0.52460610055305079395e-1 -0.14780208397127463918e-1 0 0 0 0; -0.34885452275029076031e-1 0.13106074735806541871e0 -0.70285585255172494490e-1 -0.63483881055720004975e0 0 0.78722564721145565674e0 -0.23448808805333871951e0 0.64865185483120361714e-1 -0.86536439119010973969e-2 0 0 0; -0.58418504934713186948e-1 0.14478476223520576322e0 0.67315236682623567235e-1 -0.39619636345602957631e0 -0.25412458001505128234e0 0 0.57501418139033112647e0 -0.10537842745121846328e0 0.29797181295285022843e-1 -0.27934857464329708915e-2 0 0; 0.66467104043362952119e-2 -0.29889365097445074233e-2 -0.60992789714019610153e-1 0.10216678579709781702e0 0.10481488864997796812e0 -0.79622041413657355988e0 0 0.82579717441770067391e0 -0.21661535522787203529e0 0.41260067662451816246e-1 -0.38681313433548577730e-2 0; 0.10459594529770367736e-1 -0.30157474178514931388e-1 0.13159172853630143210e-1 0.26330727879539228304e-1 -0.26522824364777175297e-1 0.13347882630163333279e0 -0.75540404471037239532e0 0 0.79260196355547737512e0 -0.19815049088886934378e0 0.37742950645498922625e-1 -0.35384016230155239961e-2]      
        stencil = [1.0/280.0 -4.0/105.0 1.0/5.0 -4.0/5.0 0.0 4.0/5.0 -1.0/5.0 4.0/105.0 -1.0/280.0]
    elseif p == -1
        #crazy operator 
        #mass matrix of p=3 and some other stencilstencil 
        # Scaling of P
        p = 3
        P[1:2*p,1:2*p] = [0.13649e5 / 0.43200e5 0 0 0 0 0; 0 0.12013e5 / 0.8640e4 0 0 0 0; 0 0 0.2711e4 / 0.4320e4 0 0 0; 0 0 0 0.5359e4 / 0.4320e4 0 0; 0 0 0 0 0.7877e4 / 0.8640e4 0; 0 0 0 0 0 0.43801e5 / 0.43200e5]
        D[1:6,1:7] = [-0.49e2 / 0.20e2 6 -0.15e2 / 0.2e1 0.20e2 / 0.3e1 -0.15e2 / 0.4e1 0.6e1 / 0.5e1 -0.1e1 / 0.6e1;
                      -0.1e1 / 0.6e1 -0.77e2 / 0.60e2 0.5e1 / 0.2e1 -0.5e1 / 0.3e1 0.5e1 / 0.6e1 -0.1e1 / 0.4e1 0.1e1 / 0.30e2;
                      0.1e1 / 0.30e2 -0.2e1 / 0.5e1 -0.7e1 / 0.12e2 0.4e1 / 0.3e1 -0.1e1 / 0.2e1 0.2e1 / 0.15e2 -0.1e1 / 0.60e2;
                      -0.1e1 / 0.60e2 0.3e1 / 0.20e2 -0.3e1 / 0.4e1 0 0.3e1 / 0.4e1 -0.3e1 / 0.20e2 0.1e1 / 0.60e2;
                      0.1e1 / 0.60e2 -0.2e1 / 0.15e2 0.1e1 / 0.2e1 -0.4e1 / 0.3e1 0.7e1 / 0.12e2 0.2e1 / 0.5e1 -0.1e1 / 0.30e2;
                      -0.1e1 / 0.30e2 0.1e1 / 0.4e1 -0.5e1 / 0.6e1 0.5e1 / 0.3e1 -0.5e1 / 0.2e1 0.77e2 / 0.60e2 0.1e1 / 0.6e1]
        stencil =  [-1.0/60.0 3.0/20.0 -3.0/4.0 0.0 3.0/4.0 -3.0/20.0 1.0/60.0]
    elseif p == -2
        # Cracy operator 2
        # mass matrix of p=3 and derivative matrix of p=4
        p = 4

        P[1:6,1:6] = [0.13649e5 / 0.43200e5 0 0 0 0 0; 0 0.12013e5 / 0.8640e4 0 0 0 0; 0 0 0.2711e4 / 0.4320e4 0 0 0; 0 0 0 0.5359e4 / 0.4320e4 0 0; 0 0 0 0 0.7877e4 / 0.8640e4 0; 0 0 0 0 0 0.43801e5 / 0.43200e5]
        P[7, 7] = 1
        P[8, 8] = 1


        D[1:2*p,1:3*p] =  [-0.16955436044318985087e1 0.22608643633134057199e1 -0.85367286450337040510e-1 -0.72543619566628612342e0 0.48823202683514973173e-1 0.25327067381932511095e0 -0.20810689629510203502e-1 -0.35800463638213927868e-1 0 0 0 0; -0.43697896613650212786e0 0 0.11806727914744050659e0 0.45392741904037194207e0 -0.35451986191651692503e-1 -0.12132305827513695582e0 0.18087661820535829032e-2 0.19950546233424744611e-1 0 0 0 0; 0.97781066266206924562e-1 -0.69969186172211199969e0 0 0.65637393984777096907e0 0.11267082240058042461e0 -0.33428057204703250861e0 0.21873662397046339337e0 -0.51590018715877203296e-1 0 0 0 0; 0.11897154784237866703e0 -0.38516275383761760282e0 -0.93979240050464527405e-1 0 0.14570996944041065112e0 0.28170129505772535539e0 -0.52460610055305079395e-1 -0.14780208397127463918e-1 0 0 0 0; -0.34885452275029076031e-1 0.13106074735806541871e0 -0.70285585255172494490e-1 -0.63483881055720004975e0 0 0.78722564721145565674e0 -0.23448808805333871951e0 0.64865185483120361714e-1 -0.86536439119010973969e-2 0 0 0; -0.58418504934713186948e-1 0.14478476223520576322e0 0.67315236682623567235e-1 -0.39619636345602957631e0 -0.25412458001505128234e0 0 0.57501418139033112647e0 -0.10537842745121846328e0 0.29797181295285022843e-1 -0.27934857464329708915e-2 0 0; 0.66467104043362952119e-2 -0.29889365097445074233e-2 -0.60992789714019610153e-1 0.10216678579709781702e0 0.10481488864997796812e0 -0.79622041413657355988e0 0 0.82579717441770067391e0 -0.21661535522787203529e0 0.41260067662451816246e-1 -0.38681313433548577730e-2 0; 0.10459594529770367736e-1 -0.30157474178514931388e-1 0.13159172853630143210e-1 0.26330727879539228304e-1 -0.26522824364777175297e-1 0.13347882630163333279e0 -0.75540404471037239532e0 0 0.79260196355547737512e0 -0.19815049088886934378e0 0.37742950645498922625e-1 -0.35384016230155239961e-2]      
        stencil = [1.0/280.0 -4.0/105.0 1.0/5.0 -4.0/5.0 0.0 4.0/5.0 -1.0/5.0 4.0/105.0 -1.0/280.0]
    elseif p == -3
        # Cracy operator 3
        # mass matrix of p=4 and derivative matrix of p=3
        p = 4

        P[1:2*p,1:2*p] = [0.1498139e7 / 0.5080320e7 0 0 0 0 0 0 0; 0 0.1107307e7 / 0.725760e6 0 0 0 0 0 0; 0 0 0.20761e5 / 0.80640e5 0 0 0 0 0; 0 0 0 0.1304999e7 / 0.725760e6 0 0 0 0; 0 0 0 0 0.299527e6 / 0.725760e6 0 0 0; 0 0 0 0 0 0.103097e6 / 0.80640e5 0 0; 0 0 0 0 0 0 0.670091e6 / 0.725760e6 0; 0 0 0 0 0 0 0 0.5127739e7 / 0.5080320e7]

        D[1:2*3,1:3*3] = [-0.21600e5 / 0.13649e5 0.5124475092222703052468879e25 / 0.2505990045200315292896040e25 -0.58752909548430618941812e23 / 0.313248755650039411612005e24 -0.159267246833799759813661e24 / 0.417665007533385882149340e24 0.18306575045382041159483e23 / 0.313248755650039411612005e24 0.120512309461734500607719e24 / 0.2505990045200315292896040e25 0 0 0; -0.426577465431008328683e21 / 0.918012325152141289800e21 0 0.28772124531747103103e20 / 0.91801232515214128980e20 0.4739194508129391986e19 / 0.22950308128803532245e20 -0.1828286306657606557e19 / 0.61200821676809419320e20 -0.2910908201471785429e19 / 0.114751540644017661225e21 0 0 0; 0.10836021679902364246e20 / 0.114751540644017661225e21 -0.127495216525222408549e21 / 0.183602465030428257960e21 0 0.66294394848412989229e20 / 0.91801232515214128980e20 -0.3185918970301186831e19 / 0.22950308128803532245e20 0.5093573171603569909e19 / 0.306004108384047096600e21 0 0 0; 0.159267246833799759813661e24 / 0.1639876016830108390679400e25 -0.28465971813079192963909e23 / 0.122990701262258129300955e24 -0.179724104434047613799819e24 / 0.491962805049032517203820e24 0 0.540747751505546378368499e24 / 0.983925610098065034407640e24 -0.38969683572055185949316e23 / 0.614953506311290646504775e24 0.72e2 / 0.5359e4 0 0; -0.18306575045382041159483e23 / 0.903897885652927117469325e24 0.21963203401877827569241e23 / 0.482078872348227795983640e24 0.17274052656973034997682e23 / 0.180779577130585423493865e24 -0.540747751505546378368499e24 / 0.723118308522341693975460e24 0 0.5591070156686698065364559e25 / 0.7231183085223416939754600e25 -0.1296e4 / 0.7877e4 0.144e3 / 0.7877e4 0; -0.120512309461734500607719e24 / 0.8041971570797788126905960e25 0.34968740224280558358577e23 / 0.1005246446349723515863245e25 -0.13808676868217278023299e23 / 0.1340328595132964687817660e25 0.77939367144110371898632e23 / 0.1005246446349723515863245e25 -0.5591070156686698065364559e25 / 0.8041971570797788126905960e25 0 0.32400e5 / 0.43801e5 -0.6480e4 / 0.43801e5 0.720e3 / 0.43801e5]       
        stencil = [0.0 -1.0/60.0 3.0/20.0 -3.0/4.0 0.0 3.0/4.0 -3.0/20.0 1.0/60.0 0.0]
        for i in 7:8
            D[i,i-p:i+p] = stencil
        end
    else 
        println("Error tensor_product_sbp:d1_fd_sbp: p = ",p," not defined")
    end

    # interior of the operator 
    for i in 2*p+1:n-2*p
        D[i,i-p:i+p] = stencil
    end
    # construct the lower half of P
    for i in 1:2*p
        for j in 1:2*p
            P[n-(i-1),n-(j-1)] = P[i,j]
        end
    end
    
    # construct the lower half of D
    for i in 1:3*p
        for j in 1:3*p
            D[n-(i-1),n-(j-1)] = -D[i,j]
        end
    end
    return (XI=XI, P=P, Q=Q, D=D,tL=tL,tR=tR)
end

function d1_gl_sbp(p)
    tL = zeros(p+1,1)
    tL[1,1] = 1.0
    tR = zeros(p+1,1)
    tR[p+1,1] = 1.0
    XI = zeros(p+1,1)
    if p==1 
        XI[1:p+1,1] = [-0.1e1;0.1e1]
        P  = [0.1e1 0;0 0.1e1]
        Q  = [-0.500000000000000000000000000000e0 0.500000000000000000000000000000e0;-0.500000000000000000000000000000e0 0.500000000000000000000000000000e0]
        D  = [-0.500000000000000000000000000000e0 0.500000000000000000000000000000e0;-0.500000000000000000000000000000e0 0.500000000000000000000000000000e0]
    elseif p == 2
        XI[1:p+1,1] = [-0.1e1;0;0.1e1]
        P  = [0.333333333333333333333333333333e0 0 0;0 0.133333333333333333333333333333e1 0;0 0 0.333333333333333333333333333333e0]
        Q  = [-0.500000000000000000000000000000e0 0.666666666666666666666666666667e0 -0.166666666666666666666666666667e0;-0.666666666666666666666666666667e0 0 0.666666666666666666666666666667e0;0.166666666666666666666666666667e0 -0.666666666666666666666666666667e0 0.500000000000000000000000000000e0] 
        D  = [-0.150000000000000000000000000000e1 0.2e1 -0.500000000000000000000000000000e0;-0.500000000000000000000000000000e0 0 0.500000000000000000000000000000e0;0.500000000000000000000000000000e0 -0.2e1 0.150000000000000000000000000000e1]
    elseif p == 3
        XI[1:p+1,1] = [-0.1e1;-0.447213595499957939281834733746e0;0.447213595499957939281834733746e0;0.1e1]
        P  = [0.166666666666666666666666666667e0 0 0 0;0 0.833333333333333333333333333333e0 0 0;0 0 0.833333333333333333333333333333e0 0;0 0 0 0.166666666666666666666666666667e0]
        Q  = [-0.500000000000000000000000000000e0 0.674180828645789520085244514319e0 -0.257514161979122853418577847652e0 0.833333333333333333333333333333e-1;-0.674180828645789520085244514319e0 0 0.931694990624912373503822361971e0 -0.257514161979122853418577847652e0;0.257514161979122853418577847652e0 -0.931694990624912373503822361971e0 0 0.674180828645789520085244514319e0;-0.833333333333333333333333333333e-1 0.257514161979122853418577847652e0 -0.674180828645789520085244514319e0 0.500000000000000000000000000000e0] 
        D  = [-0.299999999999999999999999999999e1 0.404508497187473712051146708590e1 -0.154508497187473712051146708591e1 0.499999999999999999999999999998e0;-0.809016994374947424102293417183e0 0 0.111803398874989484820458683437e1 -0.309016994374947424102293417183e0;0.309016994374947424102293417183e0 -0.111803398874989484820458683437e1 0 0.809016994374947424102293417183e0;-0.499999999999999999999999999998e0 0.154508497187473712051146708591e1 -0.404508497187473712051146708590e1 0.299999999999999999999999999999e1]
    elseif p == 4
        XI[1:p+1,1] = [-0.1e1;-0.654653670707977143798292456242e0;0;0.654653670707977143798292456242e0;0.1e1]
        P  = [0.100000000000000000000000000002e0 0 0 0 0;0 0.544444444444444444444444444446e0 0 0 0;0 0 0.711111111111111111111111111102e0 0 0;0 0 0 0.544444444444444444444444444446e0 0;0 0 0 0 0.100000000000000000000000000002e0]
        Q  = [-0.500000000000000000000000000000e0 0.675650248872424000384302752967e0 -0.266666666666666666666666666667e0 0.141016417794242666282363913699e0 -0.500000000000000000000000000000e-1;-0.675650248872424000384302752967e0 0 0.950460144138989038403446825366e0 -0.415826313060807704301507986098e0 0.141016417794242666282363913699e0;0.266666666666666666666666666667e0 -0.950460144138989038403446825366e0 0 0.950460144138989038403446825366e0 -0.266666666666666666666666666667e0;-0.141016417794242666282363913699e0 0.415826313060807704301507986098e0 -0.950460144138989038403446825366e0 0 0.675650248872424000384302752967e0;0.500000000000000000000000000000e-1 -0.141016417794242666282363913699e0 0.266666666666666666666666666667e0 -0.675650248872424000384302752967e0 0.500000000000000000000000000000e0] 
        D  = [-0.499999999999999999999999999988e1 0.675650248872424000384302752951e1 -0.266666666666666666666666666660e1 0.141016417794242666282363913696e1 -0.499999999999999999999999999988e0;-0.124099025303098285784871934218e1 0 0.174574312188793905012877988332e1 -0.763762615825973334431341198952e0 0.259009746969017142151280657814e0;0.375000000000000000000000000005e0 -0.133658457769545333525484709819e1 0 0.133658457769545333525484709819e1 -0.375000000000000000000000000005e0;-0.259009746969017142151280657814e0 0.763762615825973334431341198952e0 -0.174574312188793905012877988332e1 0 0.124099025303098285784871934218e1;0.499999999999999999999999999988e0 -0.141016417794242666282363913696e1 0.266666666666666666666666666660e1 -0.675650248872424000384302752951e1 0.499999999999999999999999999988e1]
    elseif p == 5
        XI[1:p+1,1] = [-0.1e1;-0.765055323929464692851002973954e0;-0.285231516480645096314150994043e0;0.285231516480645096314150994043e0;0.765055323929464692851002973954e0;0.1e1]
        P  = [0.666666666666666666666666666714e-1 0 0 0 0 0;0 0.378474956297846980316612808208e0 0 0 0 0;0 0 0.554858377035486353016720525121e0 0 0 0;0 0 0 0.554858377035486353016720525121e0 0 0;0 0 0 0 0.378474956297846980316612808208e0 0;0 0 0 0 0 0.666666666666666666666666666714e-1]
        Q  = [-0.500000000000000000000000000000e0 0.676094395754644618682301951368e0 -0.269079151353689867018301909865e0 0.149645643211744454951419809379e0 -0.899942209460325399487531842159e-1 0.333333333333333333333333333333e-1;-0.676094395754644618682301951368e0 0 0.955053839308429983403103027495e0 -0.436316586920813267723558656418e0 0.247351364313060442951510764506e0 -0.899942209460325399487531842159e-1;0.269079151353689867018301909865e0 -0.955053839308429983403103027495e0 0 0.972645631663808929156939964669e0 -0.436316586920813267723558656418e0 0.149645643211744454951419809379e0;-0.149645643211744454951419809379e0 0.436316586920813267723558656418e0 -0.972645631663808929156939964669e0 0 0.955053839308429983403103027495e0 -0.269079151353689867018301909865e0;0.899942209460325399487531842159e-1 -0.247351364313060442951510764506e0 0.436316586920813267723558656418e0 -0.955053839308429983403103027495e0 0 0.676094395754644618682301951368e0;-0.333333333333333333333333333333e-1 0.899942209460325399487531842159e-1 -0.149645643211744454951419809379e0 0.269079151353689867018301909865e0 -0.676094395754644618682301951368e0 0.500000000000000000000000000000e0]
        D  = [-0.749999999999999999999999999946e1 0.101414159363196692802345292698e2 -0.403618727030534800527452864768e1 0.224468464817616682427129714053e1 -0.134991331419048809923129776314e1 0.499999999999999999999999999964e0;-0.178636494833909489397248387153e1 0 0.252342677742945543190883765041e1 -0.115282815853592934133182307564e1 0.653547507429800167200747917063e0 -0.237781177984231363805278620297e0;0.484951047853569169305957195334e0 -0.172125695283023338321606469405e1 0 0.175296196636786597887757095193e1 -0.786356672223240737439548730673e0 0.269700610832038972472085277454e0;-0.269700610832038972472085277454e0 0.786356672223240737439548730673e0 -0.175296196636786597887757095193e1 0 0.172125695283023338321606469405e1 -0.484951047853569169305957195334e0;0.237781177984231363805278620297e0 -0.653547507429800167200747917063e0 0.115282815853592934133182307564e1 -0.252342677742945543190883765041e1 0 0.178636494833909489397248387153e1;-0.499999999999999999999999999964e0 0.134991331419048809923129776314e1 -0.224468464817616682427129714053e1 0.403618727030534800527452864768e1 -0.101414159363196692802345292698e2 0.749999999999999999999999999946e1]
    elseif p == 6
        XI[1:p+1,1] = [-0.1e1;-0.830223896278566929872032213967e0;-0.468848793470714213803771881909e0;0;0.468848793470714213803771881909e0;0.830223896278566929872032213967e0;0.1e1]
        P  = [0.476190476190476190476190476195e-1 0 0 0 0 0 0;0 0.276826047361565948010700406290e0 0 0 0 0 0;0 0 0.431745381209862623417871022280e0 0 0 0 0;0 0 0 0.487619047619047619047619047620e0 0 0 0;0 0 0 0 0.431745381209862623417871022280e0 0 0;0 0 0 0 0 0.276826047361565948010700406290e0 0;0 0 0 0 0 0 0.476190476190476190476190476195e-1]
        Q  = [-0.500000000000000000000000000000e0 0.676265552519991246051509415525e0 -0.269951677406928946598829000805e0 0.152380952380952380952380952381e0 -0.976173720512734655696374848783e-1 0.627320683667825946883856415871e-1 -0.238095238095238095238095238095e-1;-0.676265552519991246051509415525e0 0 0.956663264923665652412327243300e0 -0.442535970752034581367602923618e0 0.266123896254803103585571860113e0 -0.166717706273225523267172405858e0 0.627320683667825946883856415871e-1;0.269951677406928946598829000805e0 -0.956663264923665652412327243300e0 0 0.978636429696611030343704138121e0 -0.460431366383403962546140270861e0 0.266123896254803103585571860113e0 -0.976173720512734655696374848783e-1;-0.152380952380952380952380952381e0 0.442535970752034581367602923618e0 -0.978636429696611030343704138121e0 0 0.978636429696611030343704138121e0 -0.442535970752034581367602923618e0 0.152380952380952380952380952381e0;0.976173720512734655696374848783e-1 -0.266123896254803103585571860113e0 0.460431366383403962546140270861e0 -0.978636429696611030343704138121e0 0 0.956663264923665652412327243300e0 -0.269951677406928946598829000805e0;-0.627320683667825946883856415871e-1 0.166717706273225523267172405858e0 -0.266123896254803103585571860113e0 0.442535970752034581367602923618e0 -0.956663264923665652412327243300e0 0 0.676265552519991246051509415525e0;0.238095238095238095238095238095e-1 -0.627320683667825946883856415871e-1 0.976173720512734655696374848783e-1 -0.152380952380952380952380952381e0 0.269951677406928946598829000805e0 -0.676265552519991246051509415525e0 0.500000000000000000000000000000e0] 
        D  = [-0.104999999999999999999999999999e2 0.142015766029198161670816977259e2 -0.566898522554550787857540901685e1 0.319999999999999999999999999997e1 -0.204996481307674277696238718243e1 0.131737343570243448845609847332e1 -0.499999999999999999999999999995e0;-0.244292601424428961264353508344e1 0 0.345582821429428513260129789155e1 -0.159860668809836683716785819589e1 0.961339797288711666711276884384e0 -0.602247179635785684666403413070e0 0.226611870395445335165221916464e0;0.625256665515342114254764930440e0 -0.221580428316997131363803034549e1 0 0.226669808708599901220846300610e1 -0.106644190400637468973550663446e1 0.616390835517579528646119294693e0 -0.226099400942574651735810251281e0;-0.312499999999999999999999999999e0 0.907544471268820918820279433200e0 -0.200696924058875308957204950200e1 0 0.200696924058875308957204950200e1 -0.907544471268820918820279433200e0 0.312499999999999999999999999999e0;0.226099400942574651735810251281e0 -0.616390835517579528646119294693e0 0.106644190400637468973550663446e1 -0.226669808708599901220846300610e1 0 0.221580428316997131363803034549e1 -0.625256665515342114254764930440e0;-0.226611870395445335165221916464e0 0.602247179635785684666403413070e0 -0.961339797288711666711276884384e0 0.159860668809836683716785819589e1 -0.345582821429428513260129789155e1 0 0.244292601424428961264353508344e1;0.499999999999999999999999999995e0 -0.131737343570243448845609847332e1 0.204996481307674277696238718243e1 -0.319999999999999999999999999997e1 0.566898522554550787857540901685e1 -0.142015766029198161670816977259e2 0.104999999999999999999999999999e2]
    elseif p == 7
        XI[1:p+1,1] = [-0.1e1;-0.871740148509606615337445761218e0;-0.591700181433142302144510731394e0;-0.209299217902478868768657260344e0;0.209299217902478868768657260344e0;0.591700181433142302144510731394e0;0.871740148509606615337445761218e0;0.1e1]
        P  = [0.357142857142857142857142857154e-1 0 0 0 0 0 0 0;0 0.210704227143506039382992065779e0 0 0 0 0 0 0;0 0 0.341122692483504364764240677106e0 0 0 0 0 0;0 0 0 0.412458794658703881567052971399e0 0 0 0 0;0 0 0 0 0.412458794658703881567052971399e0 0 0 0;0 0 0 0 0 0.341122692483504364764240677106e0 0 0;0 0 0 0 0 0 0.210704227143506039382992065779e0 0;0 0 0 0 0 0 0 0.357142857142857142857142857154e-1]
        Q  = [-0.500000000000000000000000000000e0 0.676342807397048946898380089076e0 -0.270331779262445964599934954408e0 0.153496720152327686223178809279e0 -0.100363892473498179947777274521e0 0.693449794837186536546197301899e-1 -0.463459781542939993713235424739e-1 0.178571428571428571428571428571e-1;-0.676342807397048946898380089076e0 0 0.957352579490274900688028758011e0 -0.445020225841920494893108853767e0 0.272700164032084094710954986711e0 -0.183196389600328261489027366329e0 0.120852657471232707252856106923e0 -0.463459781542939993713235424739e-1;0.270331779262445964599934954408e0 -0.957352579490274900688028758011e0 0 0.980904239808523074511905528658e0 -0.468288399148879598801541494864e0 0.288256369684795068212137405949e0 -0.183196389600328261489027366329e0 0.693449794837186536546197301899e-1;-0.153496720152327686223178809279e0 0.445020225841920494893108853767e0 -0.980904239808523074511905528658e0 0 0.985332861709223949880339266845e0 -0.468288399148879598801541494864e0 0.272700164032084094710954986711e0 -0.100363892473498179947777274521e0;0.100363892473498179947777274521e0 -0.272700164032084094710954986711e0 0.468288399148879598801541494864e0 -0.985332861709223949880339266845e0 0 0.980904239808523074511905528658e0 -0.445020225841920494893108853767e0 0.153496720152327686223178809279e0;-0.693449794837186536546197301899e-1 0.183196389600328261489027366329e0 -0.288256369684795068212137405949e0 0.468288399148879598801541494864e0 -0.980904239808523074511905528658e0 0 0.957352579490274900688028758011e0 -0.270331779262445964599934954408e0;0.463459781542939993713235424739e-1 -0.120852657471232707252856106923e0 0.183196389600328261489027366329e0 -0.272700164032084094710954986711e0 0.445020225841920494893108853767e0 -0.957352579490274900688028758011e0 0 0.676342807397048946898380089076e0;-0.178571428571428571428571428571e-1 0.463459781542939993713235424739e-1 -0.693449794837186536546197301899e-1 0.100363892473498179947777274521e0 -0.153496720152327686223178809279e0 0.270331779262445964599934954408e0 -0.676342807397048946898380089076e0 0.500000000000000000000000000000e0]
        D  = [-0.139999999999999999999999999996e2 0.189375986071173705131546424935e2 -0.756928981934848700879817872318e1 0.429790816426517521424900665969e1 -0.281018898925794903853776368650e1 0.194165942554412230232935244526e1 -0.129768738832023198239705918923e1 0.499999999999999999999999999984e0;-0.320991570300299033681535157155e1 0 0.454358506456656421739638306076e1 -0.211206121431454222839296010398e1 0.129423205091350150769320563723e1 -0.869448098331492934161214445515e0 0.573565414940264137309957126947e0 -0.219957514771304363030019703906e0;0.792476681320514526801359736134e0 -0.280647579473643343647092231563e1 0 0.287551740597250521747363620895e1 -0.137278583180602848091037564049e1 0.845022556506510489829865610201e0 -0.537039586157661060937619343056e0 0.203284568900592744214055743890e0;-0.372150435728594865847091862665e0 0.107894468879045270250846359969e1 -0.237818723351550582456978825144e1 0 0.238892435915823921487954151020e1 -0.113535801688111144046472127434e1 0.661157350900311223201437910159e0 -0.243330712723791009707841631595e0;0.243330712723791009707841631595e0 -0.661157350900311223201437910159e0 0.113535801688111144046472127434e1 -0.238892435915823921487954151020e1 0 0.237818723351550582456978825144e1 -0.107894468879045270250846359969e1 0.372150435728594865847091862665e0;-0.203284568900592744214055743890e0 0.537039586157661060937619343056e0 -0.845022556506510489829865610201e0 0.137278583180602848091037564049e1 -0.287551740597250521747363620895e1 0 0.280647579473643343647092231563e1 -0.792476681320514526801359736134e0;0.219957514771304363030019703906e0 -0.573565414940264137309957126947e0 0.869448098331492934161214445515e0 -0.129423205091350150769320563723e1 0.211206121431454222839296010398e1 -0.454358506456656421739638306076e1 0 0.320991570300299033681535157155e1;-0.499999999999999999999999999984e0 0.129768738832023198239705918923e1 -0.194165942554412230232935244526e1 0.281018898925794903853776368650e1 -0.429790816426517521424900665969e1 0.756928981934848700879817872318e1 -0.189375986071173705131546424935e2 0.139999999999999999999999999996e2]
    elseif p == 8
        XI[1:p+1,1] = [-0.1e1;-0.899757995411460157312345244417e0;-0.677186279510737753445885427091e0;-0.363117463826178158710752068707e0;0;0.363117463826178158710752068707e0;0.677186279510737753445885427091e0;0.899757995411460157312345244417e0;0.1e1]
        P  = [0.277777777777777777777777777786e-1 0 0 0 0 0 0 0 0;0 0.165495361560805525046339720029e0 0 0 0 0 0 0 0;0 0 0.274538712500161735280705618579e0 0 0 0 0 0 0;0 0 0 0.346428510973046345115131532141e0 0 0 0 0 0;0 0 0 0 0.371519274376417233560090702945e0 0 0 0 0;0 0 0 0 0 0.346428510973046345115131532141e0 0 0 0;0 0 0 0 0 0 0.274538712500161735280705618579e0 0 0;0 0 0 0 0 0 0 0.165495361560805525046339720029e0 0;0 0 0 0 0 0 0 0 0.277777777777777777777777777786e-1]
        Q  = [-0.500000000000000000000000000000e0 0.676381810322029606290960142720e0 -0.270519490478098535139701426563e0 0.154026775193038291654465768914e0 -0.101587301587301587301587301587e0 0.719651576822043053384976551329e-1 -0.520678020401939789909960678704e-1 0.356897397972107870372501181428e-1 -0.138888888888888888888888888889e-1;-0.676381810322029606290960142720e0 0 0.957689520906564375913600786500e0 -0.446186324836367050707174060493e0 0.275586458219045566385572010098e0 -0.189600379669120651753373460499e0 0.135169392703385956036739666926e0 -0.919665967986893766216549179540e-1 0.356897397972107870372501181428e-1;0.270519490478098535139701426563e0 -0.957689520906564375913600786500e0 0 0.981937380325954493994691323349e0 -0.471611428727707980480613830917e0 0.296447948102300989185425788775e0 -0.202705459935273638971347520324e0 0.135169392703385956036739666926e0 -0.520678020401939789909960678704e-1;-0.154026775193038291654465768914e0 0.446186324836367050707174060493e0 -0.981937380325954493994691323349e0 0 0.987985002374854249345536818516e0 -0.477019897807613157174103770155e0 0.296447948102300989185425788775e0 -0.189600379669120651753373460499e0 0.719651576822043053384976551329e-1;0.101587301587301587301587301587e0 -0.275586458219045566385572010098e0 0.471611428727707980480613830917e0 -0.987985002374854249345536818516e0 0 0.987985002374854249345536818516e0 -0.471611428727707980480613830917e0 0.275586458219045566385572010098e0 -0.101587301587301587301587301587e0;-0.719651576822043053384976551329e-1 0.189600379669120651753373460499e0 -0.296447948102300989185425788775e0 0.477019897807613157174103770155e0 -0.987985002374854249345536818516e0 0 0.981937380325954493994691323349e0 -0.446186324836367050707174060493e0 0.154026775193038291654465768914e0;0.520678020401939789909960678704e-1 -0.135169392703385956036739666926e0 0.202705459935273638971347520324e0 -0.296447948102300989185425788775e0 0.471611428727707980480613830917e0 -0.981937380325954493994691323349e0 0 0.957689520906564375913600786500e0 -0.270519490478098535139701426563e0;-0.356897397972107870372501181428e-1 0.919665967986893766216549179540e-1 -0.135169392703385956036739666926e0 0.189600379669120651753373460499e0 -0.275586458219045566385572010098e0 0.446186324836367050707174060493e0 -0.957689520906564375913600786500e0 0 0.676381810322029606290960142720e0;0.138888888888888888888888888889e-1 -0.356897397972107870372501181428e-1 0.520678020401939789909960678704e-1 -0.719651576822043053384976551329e-1 0.101587301587301587301587301587e0 -0.154026775193038291654465768914e0 0.270519490478098535139701426563e0 -0.676381810322029606290960142720e0 0.500000000000000000000000000000e0] 
        D  = [-0.179999999999999999999999999995e2 0.243497451715930658264745651372e2 -0.973870165721154726502925135598e1 0.554496390694937849956076768073e1 -0.365714285714285714285714285703e1 0.259074567655935499218591558471e1 -0.187444087344698324367585844328e1 0.128483063269958833334100425310e1 -0.499999999999999999999999999985e0;-0.408701370203367658897930984814e1 0 0.578680581663731167409037234050e1 -0.269606544031405602899382047687e1 0.166522164500538518079547523473e1 -0.114565373845513231901250100841e1 0.816756381741385878117230628950e0 -0.555704981283716785402665993238e0 0.215654018702498989385219122479e0;0.985360090074506951907327505128e0 -0.348835875343445484115983156014e1 0 0.357668094012561532100448555574e1 -0.171783215719506277794780854135e1 0.107980381128263048444543497939e1 -0.738349277190386116652828488240e0 0.492350938315507418719775389183e0 -0.189655591978356440316554839705e0;-0.444613449281090634955156033004e0 0.128796075006390654800826405148e1 -0.283445891207942039532716103712e1 0 0.285191596846289538830749160287e1 -0.137696489376051208934447138420e1 0.855726185092675404693694041474e0 -0.547300160534051400286858582699e0 0.207734512035597178904197341202e0;0.273437500000000000000000000002e0 -0.741782397916254240576399270350e0 0.126941308635814953242157409324e1 -0.265931021757391799292835532818e1 0 0.265931021757391799292835532818e1 -0.126941308635814953242157409324e1 0.741782397916254240576399270350e0 -0.273437500000000000000000000002e0;-0.207734512035597178904197341202e0 0.547300160534051400286858582699e0 -0.855726185092675404693694041474e0 0.137696489376051208934447138420e1 -0.285191596846289538830749160287e1 0 0.283445891207942039532716103712e1 -0.128796075006390654800826405148e1 0.444613449281090634955156033004e0;0.189655591978356440316554839705e0 -0.492350938315507418719775389183e0 0.738349277190386116652828488240e0 -0.107980381128263048444543497939e1 0.171783215719506277794780854135e1 -0.357668094012561532100448555574e1 0 0.348835875343445484115983156014e1 -0.985360090074506951907327505128e0;-0.215654018702498989385219122479e0 0.555704981283716785402665993238e0 -0.816756381741385878117230628950e0 0.114565373845513231901250100841e1 -0.166522164500538518079547523473e1 0.269606544031405602899382047687e1 -0.578680581663731167409037234050e1 0 0.408701370203367658897930984814e1;0.499999999999999999999999999985e0 -0.128483063269958833334100425310e1 0.187444087344698324367585844328e1 -0.259074567655935499218591558471e1 0.365714285714285714285714285703e1 -0.554496390694937849956076768073e1 0.973870165721154726502925135598e1 -0.243497451715930658264745651372e2 0.179999999999999999999999999995e2]
    elseif p == 9
        XI[1:p+1,1] = [-0.1e1;-0.919533908166458813828932660823e0;-0.738773865105505075003106174858e0;-0.477924949810444495661175092736e0;-0.165278957666387024626219765959e0;0.165278957666387024626219765959e0;0.477924949810444495661175092736e0;0.738773865105505075003106174858e0;0.919533908166458813828932660823e0;0.1e1]
        P  = [0.222222222222222222222222222207e-1 0 0 0 0 0 0 0 0 0;0 0.133305990851070111126227170759e0 0 0 0 0 0 0 0 0;0 0 0.224889342063126452119457821727e0 0 0 0 0 0 0 0;0 0 0 0.292042683679683757875582257373e0 0 0 0 0 0 0;0 0 0 0 0.327539761183897456656510527921e0 0 0 0 0 0;0 0 0 0 0 0.327539761183897456656510527921e0 0 0 0 0;0 0 0 0 0 0 0.292042683679683757875582257373e0 0 0 0;0 0 0 0 0 0 0 0.224889342063126452119457821727e0 0 0;0 0 0 0 0 0 0 0 0.133305990851070111126227170759e0 0;0 0 0 0 0 0 0 0 0 0.222222222222222222222222222207e-1]
        Q  = [-0.500000000000000000000000000000e0 0.676403222872931524670853951326e0 -0.270621037942884878853831330934e0 0.154306410780754533443896474119e0 -0.102207883580069616791079088121e0 0.732142896388707588028853763549e-1 -0.545085372320597097095515111484e-1 0.406569762645165807211852405155e-1 -0.283545519131703033954702232227e-1 0.111111111111111111111111111111e-1;-0.676403222872931524670853951326e0 0 0.957870579809342796995012616628e0 -0.446796872223183673809017939364e0 0.277037575839639358814684744987e0 -0.192620284689529439090484529153e0 0.141191635240589264603003593452e0 -0.104410490045240622549767122706e0 0.724856308544841431028928107063e-1 -0.283545519131703033954702232227e-1;0.270621037942884878853831330934e0 -0.957870579809342796995012616628e0 0 0.982468346813941012135888255595e0 -0.473245927318646813517880978033e0 0.300208264879260069090874963018e0 -0.210632080377140513836411738709e0 0.152204451649768206097292666014e0 -0.104410490045240622549767122706e0 0.406569762645165807211852405155e-1;-0.154306410780754533443896474119e0 0.446796872223183673809017939364e0 -0.982468346813941012135888255595e0 0 0.989241468751932592981217591861e0 -0.480846550950303540003947298593e0 0.305531949938493777736456153487e0 -0.210632080377140513836411738709e0 0.141191635240589264603003593452e0 -0.545085372320597097095515111484e-1;0.102207883580069616791079088121e0 -0.277037575839639358814684744987e0 0.473245927318646813517880978033e0 -0.989241468751932592981217591861e0 0 0.990869514814557672687613759067e0 -0.480846550950303540003947298593e0 0.300208264879260069090874963018e0 -0.192620284689529439090484529153e0 0.732142896388707588028853763549e-1;-0.732142896388707588028853763549e-1 0.192620284689529439090484529153e0 -0.300208264879260069090874963018e0 0.480846550950303540003947298593e0 -0.990869514814557672687613759067e0 0 0.989241468751932592981217591861e0 -0.473245927318646813517880978033e0 0.277037575839639358814684744987e0 -0.102207883580069616791079088121e0;0.545085372320597097095515111484e-1 -0.141191635240589264603003593452e0 0.210632080377140513836411738709e0 -0.305531949938493777736456153487e0 0.480846550950303540003947298593e0 -0.989241468751932592981217591861e0 0 0.982468346813941012135888255595e0 -0.446796872223183673809017939364e0 0.154306410780754533443896474119e0;-0.406569762645165807211852405155e-1 0.104410490045240622549767122706e0 -0.152204451649768206097292666014e0 0.210632080377140513836411738709e0 -0.300208264879260069090874963018e0 0.473245927318646813517880978033e0 -0.982468346813941012135888255595e0 0 0.957870579809342796995012616628e0 -0.270621037942884878853831330934e0;0.283545519131703033954702232227e-1 -0.724856308544841431028928107063e-1 0.104410490045240622549767122706e0 -0.141191635240589264603003593452e0 0.192620284689529439090484529153e0 -0.277037575839639358814684744987e0 0.446796872223183673809017939364e0 -0.957870579809342796995012616628e0 0 0.676403222872931524670853951326e0;-0.111111111111111111111111111111e-1 0.283545519131703033954702232227e-1 -0.406569762645165807211852405155e-1 0.545085372320597097095515111484e-1 -0.732142896388707588028853763549e-1 0.102207883580069616791079088121e0 -0.154306410780754533443896474119e0 0.270621037942884878853831330934e0 -0.676403222872931524670853951326e0 0.500000000000000000000000000000e0] 
